$ANSIBLE_VAULT;1.1;AES256
36366337356634346433396331396631616630636132393831636435613837393531623534643535
3164356364666236323637326236373335326339613230620a326661376634356534373531326238
31373661313138386233663836306533626431333231396436336134646438376232663766636131
6637343839613434650a636130373038613062396638303937396532376165343638363532626330
63633161643839306633346162656335316464633666396232633661633166633636303830393963
35636666363364306232363438626163646463383535393463393938656636616665326537373433
62646536316137623337356466653136616436376639343135656361343339373461623436353765
62376662343939643837613564363662363733306461343137366633343335373634666535633339
37663162643462343264376335383936633131343031396166343066353332333432633963613863
37613762363335653465323639313033353962643763633231383932306134343766353535356134
36653634323035663765633434396564323338386238326266333032386637323964363835376330
35353432373733633538383963363539373562616431343632393630653933326564623437313034
64646639356135623239626662383865393163306437653630643831643661626531376333656239
66316431653566343839666163386664363965356663353364653535643330643637396632333731
63323264643763636434336532346262306139613561366430663536643237633639626235313337
36663761353138623633336438316665366461653366636330666439623666653238303137633734
61663834663531326662373862643666323261636164356164376461373134383466616331393539
63383133323539336565663464363363626535613562376565386363306333393739336637653562
30313436393562616437323136376338616239366530303237353835356132623063666333613238
66666536383038333562623838616237353063643038376466396330303861633466366166303462
35653237396363303930613836303861626536653935303432363436383931303238343035646466
35303530386537353461336531383536343161353435653238636333336133303766333538623564
64623066346136313033613035383339343331616633656432336261386164666633643932313663
64333231303534316236373135353231643231366535356632376434636461396630326634336339
30393838376635656161323235623732353766656566376564356231666466313333393132346638
61393832343965386237626339653033316432323166613761383236666135623733393133333564
33666263636235343961343963336134323533366164373936376663353364346533333863333363
37306663656664643630306463303665646461343739633539633139333562316132633534356561
66303232613162326336333432363935356237363238643035323234346432653037623766303232
34333962336663616433656635653832373232393362396637356330333339363535383766363064
39306536326636336632623766653263396135353937643838316333323839383262303735363166
64393238356339366330356134613037626630623937643765643230373365313664326366636466
37646666316635386536326366366232313534346533386235376234646265363435663964666530
63656430303663383262333837396262366339653965343362323861613139616434366163386664
66303631633635623335646232653632643439316634383932346163306638386230633361353366
32313036613339396265306236386331613162353833623938626236663330326562343239396436
35616531323165653438376364336135646136316336353639653362643933633038343531303630
3132656262303335613238643066666261313163323163363165
